[mm sm gamma]

ans =

    0.9900    0.0000         0
    0.9001    0.2621    7.5000
    0.8869    0.5966   15.0000
    0.9594    1.1408   22.5000
    1.1501    2.1233   30.0000
    1.5288    3.9702   37.5000
    2.2299    7.5068   45.0000

diary off
